38,4889172457573 6,20394368492794
39,2908110433681 6,26823827270216
76,8867895714411 8,76851125171435
12,4838430255111 3,5332482258555
80,419537036875 8,96769407578532
89,5243876131831 9,46173280182774
57,7403195899633 7,59870512587265
73,171213137997 8,55401736834787
95,2132840916576 9,75772945370272
74,4903091404076 8,6307768561357
14,3048139337007 3,78217053207556
21,2466465273158 4,60940847911267
9,38445595110974 3,06340593965438
40,0957254819086 6,33211856189606
27,4629132218952 5,24050696229813
32,7595376878788 5,72359482212699
52,1910961410921 7,22434053330074
26,8558307335972 5,18226116030418
80,6251895626193 8,97915305374729
8,22464632998437 2,86786441973542
29,5805742454625 5,43880264814439
33,2271120479457 5,76429631854103
40,3626286100422 6,35315894733023
94,9688019258756 9,74519378595806
19,6751934311703 4,43567282733638
37,7901095332532 6,14736606468601
90,8339568156907 9,53068501293012
69,6319588220827 8,34457661131365
81,0297059975703 9,001650181915
76,2399330289289 8,73154814617253
76,472235681709 8,74484051779728
17,5521907003374 4,18953347048778
71,1489073355444 8,43498116983935
92,2885600250627 9,6066935011513
92,1376526342414 9,59883600413308
55,3142794930908 7,43735702337133
9,01011974039027 3,00168614954833
44,7076824934723 6,68638037307722
45,9413805608365 6,77800712310311
59,4174089568748 7,70826886900521
62,2363647670654 7,88900277392938
72,6626724734263 8,52424028717083
52,3075165098102 7,23239355329964
3,81171374945516 1,9523610704619
63,8751359786257 7,99219218854412
10,5968944651992 3,25528715556695
87,6739395589912 9,36343631147194
29,7102660167544 5,45071243203624
28,5253388786341 5,34091180217705
26,3818132338961 5,13632292928473
67,8832403928429 8,23912861853988
65,3268907784144 8,08250522909911
51,5916869834027 7,18273534131689
49,915489891039 7,06508951755312
10,7776478518628 3,28293281257213
6,2618051978116 2,50235992571245
98,9281824333259 9,94626474779984
81,9179876455655 9,050855630578
92,8086495943408 9,63372459614353
43,6294275036219 6,60525756527494
98,6904307974924 9,9343057531713
88,1083607678806 9,38660539108152
92,1415071404267 9,59903678190821
19,9733510627287 4,46915552008752
98,0180734586986 9,90040774204268
96,7526232333633 9,83629113199499
50,0977391917714 7,07797564221377
17,0958959260471 4,13471836115195
47,9580728476672 6,92517673764845
72,1486337288044 8,49403518528175
24,7494179474886 4,97487868671072
8,48341364761973 2,91263002244015
80,9144501727607 8,99524597622326
22,2077806057445 4,71251319422497
45,9882815629189 6,78146603345611
56,9179017720362 7,54439538810342
80,9195955381354 8,99553197638335
37,5509148605871 6,12788012779192
32,0936659472499 5,66512717838266
10,0782989659711 3,17463367429553
50,116169974262 7,07927750369075
62,1236907989363 7,88185833410727
42,1066199434486 6,48896139173663
55,6478927636742 7,45975152157726
9,356692636086 3,05887113754176
12,1453449032946 3,48501720272578
65,9605037169347 8,12160721267255
22,2334174445055 4,71523249103429
82,5109121731999 9,08355173779507
86,8758474364299 9,32072140107352
56,386097059765 7,50906765582552
27,0921320948247 5,20501028767713
51,8990328991315 7,20409834046784
3,3119530572146 1,81987720937831
60,7269781593825 7,79275164235217
74,1280039991848 8,60976213371687
80,5211653329996 8,97335864283823
33,3341654470815 5,773574754611
5,79364029075654 2,40699819085028
67,1225127452624 8,19283301094697
